data_x = [1	0.998641	0.997283	0.995924	0.994565	0.993207	0.991848	0.991848	0.990489	0.98913	0.987772	0.986413	0.985054	0.983696	0.982337	0.980978	0.97962	0.978261	0.976902	0.975543	0.975543	0.974185	0.974185	0.974185	0.972826	0.971467	0.971467	0.970109	0.96875	0.96875	0.967391	0.966033	0.964674	0.964674	0.964674	0.964674	0.963315	0.961957	0.960598	0.959239	0.95788	0.956522	0.956522	0.956522	0.955163	0.953804	0.952446	0.951087	0.949728	0.94837	0.94837	0.947011	0.945652	0.944293	0.942935	0.942935	0.941576	0.940217	0.938859	0.9375	0.936141	0.934783	0.934783	0.933424	0.932065	0.932065	0.932065	0.930707	0.930707	0.929348	0.929348	0.927989	0.92663	0.925272	0.925272	0.925272	0.925272	0.923913	0.922554	0.921196	0.921196	0.919837	0.919837	0.918478	0.91712	0.915761	0.915761	0.914402	0.913043	0.913043	0.911685	0.911685	0.911685	0.910326	0.910326	0.910326	0.908967	0.908967	0.907609	0.90625	0.904891	0.903533	0.902174	0.900815	0.899457	0.898098	0.896739	0.896739	0.896739	0.89538	0.894022	0.892663	0.891304	0.891304	0.889946	0.888587	0.888587	0.887228	0.887228	0.88587	0.884511	0.883152	0.881793	0.880435	0.880435	0.879076	0.877717	0.876359	0.876359	0.875	0.875	0.875	0.875	0.873641	0.872283	0.872283	0.870924	0.869565	0.869565	0.869565	0.868207	0.868207	0.868207	0.866848	0.866848	0.865489	0.86413	0.862772	0.861413	0.861413	0.860054	0.860054	0.858696	0.858696	0.857337	0.855978	0.85462	0.853261	0.851902	0.850543	0.850543	0.850543	0.849185	0.849185	0.847826	0.846467	0.845109	0.845109	0.845109	0.84375	0.842391	0.841033	0.841033	0.839674	0.839674	0.839674	0.838315	0.838315	0.836957	0.835598	0.834239	0.83288	0.831522	0.830163	0.828804	0.827446	0.827446	0.826087	0.826087	0.824728	0.82337	0.822011	0.820652	0.819293	0.817935	0.816576	0.816576	0.815217	0.815217	0.815217	0.815217	0.813859	0.8125	0.811141	0.809783	0.808424	0.808424	0.808424	0.807065	0.807065	0.805707	0.804348	0.802989	0.802989	0.80163	0.80163	0.800272	0.798913	0.797554	0.797554	0.796196	0.796196	0.796196	0.794837	0.794837	0.793478	0.79212	0.79212	0.79212	0.79212	0.79212	0.790761	0.789402	0.788043	0.786685	0.785326	0.783967	0.782609	0.78125	0.779891	0.779891	0.778533	0.777174	0.775815	0.774457	0.773098	0.771739	0.771739	0.77038	0.769022	0.767663	0.766304	0.764946	0.763587	0.763587	0.762228	0.76087	0.759511	0.758152	0.756793	0.756793	0.755435	0.754076	0.752717	0.752717	0.751359	0.75	0.748641	0.747283	0.745924	0.744565	0.743207	0.743207	0.741848	0.740489	0.740489	0.740489	0.73913	0.737772	0.736413	0.735054	0.735054	0.735054	0.735054	0.733696	0.732337	0.732337	0.730978	0.730978	0.730978	0.72962	0.728261	0.726902	0.725543	0.724185	0.722826	0.721467	0.720109	0.720109	0.720109	0.720109	0.71875	0.717391	0.716033	0.716033	0.714674	0.713315	0.711957	0.710598	0.710598	0.710598	0.709239	0.70788	0.70788	0.706522	0.706522	0.705163	0.703804	0.702446	0.701087	0.699728	0.699728	0.699728	0.699728	0.699728	0.69837	0.697011	0.695652	0.694293	0.692935	0.691576	0.690217	0.688859	0.6875	0.686141	0.684783	0.684783	0.683424	0.682065	0.682065	0.682065	0.680707	0.679348	0.679348	0.677989	0.67663	0.67663	0.675272	0.673913	0.672554	0.671196	0.669837	0.669837	0.668478	0.668478	0.66712	0.665761	0.664402	0.663043	0.663043	0.661685	0.661685	0.660326	0.658967	0.657609	0.657609	0.65625	0.654891	0.654891	0.653533	0.652174	0.650815	0.650815	0.649457	0.648098	0.646739	0.64538	0.64538	0.644022	0.642663	0.641304	0.639946	0.638587	0.638587	0.637228	0.637228	0.637228	0.63587	0.63587	0.634511	0.633152	0.631793	0.631793	0.631793	0.631793	0.630435	0.629076	0.629076	0.627717	0.626359	0.626359	0.625	0.625	0.625	0.625	0.625	0.625	0.625	0.625	0.623641	0.622283	0.622283	0.622283	0.620924	0.620924	0.620924	0.620924	0.619565	0.618207	0.616848	0.616848	0.616848	0.615489	0.61413	0.61413	0.61413	0.61413	0.61413	0.61413	0.612772	0.611413	0.610054	0.608696	0.608696	0.608696	0.607337	0.607337	0.607337	0.605978	0.60462	0.60462	0.60462	0.603261	0.603261	0.601902	0.601902	0.601902	0.601902	0.601902	0.601902	0.601902	0.600543	0.599185	0.599185	0.599185	0.597826	0.597826	0.596467	0.595109	0.59375	0.592391	0.591033	0.589674	0.589674	0.589674	0.589674	0.588315	0.586957	0.586957	0.586957	0.586957	0.585598	0.584239	0.58288	0.58288	0.58288	0.58288	0.581522	0.580163	0.578804	0.578804	0.577446	0.577446	0.576087	0.574728	0.574728	0.57337	0.57337	0.57337	0.572011	0.572011	0.572011	0.572011	0.572011	0.572011	0.572011	0.570652	0.570652	0.569293	0.567935	0.567935	0.566576	0.565217	0.565217	0.563859	0.563859	0.563859	0.563859	0.563859	0.5625	0.5625	0.561141	0.559783	0.558424	0.557065	0.555707	0.554348	0.554348	0.552989	0.552989	0.552989	0.55163	0.55163	0.55163	0.550272	0.550272	0.550272	0.548913	0.548913	0.547554	0.546196	0.544837	0.544837	0.543478	0.543478	0.543478	0.543478	0.54212	0.54212	0.540761	0.539402	0.538043	0.538043	0.536685	0.535326	0.533967	0.533967	0.532609	0.532609	0.532609	0.532609	0.53125	0.53125	0.53125	0.529891	0.528533	0.527174	0.527174	0.525815	0.525815	0.524457	0.523098	0.521739	0.52038	0.519022	0.517663	0.516304	0.514946	0.514946	0.513587	0.512228	0.512228	0.512228	0.51087	0.509511	0.508152	0.506793	0.505435	0.505435	0.505435	0.505435	0.505435	0.504076	0.502717	0.502717	0.501359	0.5	0.498641	0.497283	0.497283	0.497283	0.497283	0.495924	0.495924	0.495924	0.494565	0.493207	0.491848	0.490489	0.490489	0.490489	0.490489	0.490489	0.490489	0.48913	0.487772	0.486413	0.486413	0.485054	0.483696	0.482337	0.480978	0.47962	0.478261	0.478261	0.476902	0.475543	0.475543	0.474185	0.474185	0.474185	0.474185	0.474185	0.474185	0.474185	0.472826	0.471467	0.470109	0.46875	0.467391	0.466033	0.464674	0.463315	0.463315	0.463315	0.463315	0.461957	0.460598	0.459239	0.459239	0.459239	0.45788	0.456522	0.455163	0.455163	0.453804	0.452446	0.451087	0.451087	0.449728	0.44837	0.44837	0.44837	0.44837	0.44837	0.447011	0.447011	0.447011	0.447011	0.447011	0.447011	0.445652	0.445652	0.445652	0.444293	0.442935	0.441576	0.440217	0.440217	0.438859	0.4375	0.436141	0.436141	0.436141	0.436141	0.436141	0.436141	0.436141	0.436141	0.434783	0.434783	0.433424	0.433424	0.432065	0.430707	0.429348	0.427989	0.42663	0.425272	0.425272	0.425272	0.423913	0.423913	0.423913	0.423913	0.422554	0.422554	0.422554	0.422554	0.422554	0.422554	0.422554	0.421196	0.421196	0.421196	0.419837	0.418478	0.418478	0.418478	0.41712	0.415761	0.414402	0.413043	0.411685	0.410326	0.408967	0.408967	0.407609	0.407609	0.407609	0.40625	0.404891	0.404891	0.404891	0.404891	0.404891	0.404891	0.403533	0.403533	0.403533	0.403533	0.402174	0.400815	0.400815	0.399457	0.399457	0.399457	0.398098	0.396739	0.39538	0.394022	0.394022	0.394022	0.394022	0.392663	0.392663	0.392663	0.392663	0.391304	0.389946	0.388587	0.387228	0.387228	0.38587	0.384511	0.383152	0.381793	0.381793	0.381793	0.380435	0.379076	0.379076	0.377717	0.376359	0.376359	0.376359	0.376359	0.375	0.375	0.373641	0.373641	0.372283	0.372283	0.372283	0.370924	0.370924	0.370924	0.369565	0.368207	0.368207	0.368207	0.368207	0.368207	0.368207	0.366848	0.366848	0.366848	0.365489	0.365489	0.36413	0.362772	0.362772	0.362772	0.362772	0.361413	0.360054	0.360054	0.360054	0.358696	0.357337	0.355978	0.355978	0.355978	0.355978	0.35462	0.353261	0.353261	0.351902	0.351902	0.350543	0.349185	0.347826	0.347826	0.347826	0.346467	0.346467	0.345109	0.345109	0.345109	0.345109	0.345109	0.34375	0.34375	0.34375	0.342391	0.341033	0.341033	0.339674	0.338315	0.338315	0.338315	0.338315	0.338315	0.338315	0.336957	0.336957	0.335598	0.335598	0.335598	0.334239	0.334239	0.334239	0.33288	0.331522	0.331522	0.330163	0.328804	0.328804	0.328804	0.327446	0.326087	0.326087	0.326087	0.324728	0.324728	0.324728	0.324728	0.324728	0.324728	0.32337	0.32337	0.322011	0.322011	0.320652	0.320652	0.319293	0.317935	0.316576	0.316576	0.315217	0.313859	0.313859	0.3125	0.3125	0.311141	0.309783	0.309783	0.305707	0.305707	0.304348	0.304348	0.297554	0.296196	0.294837	0.293478	0.29212	0.29212	0.29212	0.290761	0.290761	0.290761	0.289402	0.289402	0.289402	0.288043	0.286685	0.282609	0.282609	0.282609	0.282609	0.28125	0.278533	0.275815	0.275815	0.271739	0.27038	