data_x =[1	0.99187	0.98374	0.97561	0.96748	0.95935	0.95122	0.943089	0.934959	0.926829	0.918699	0.918699	0.910569	0.902439	0.902439	0.902439	0.902439	0.902439	0.902439	0.894309	0.894309	0.894309	0.886179	0.878049	0.869919	0.861789	0.861789	0.861789	0.853659	0.845528	0.837398	0.829268	0.821138	0.813008	0.813008	0.804878	0.796748	0.796748	0.788618	0.780488	0.780488	0.780488	0.772358	0.772358	0.764228	0.756098	0.747967	0.739837	0.731707	0.731707	0.723577	0.715447	0.715447	0.715447	0.707317	0.707317	0.707317	0.707317	0.707317	0.707317	0.707317	0.707317	0.707317	0.707317	0.707317	0.699187	0.691057	0.682927	0.682927	0.682927	0.674797	0.674797	0.674797	0.674797	0.674797	0.666667	0.666667	0.666667	0.658537	0.650407	0.642276	0.634146	0.626016	0.626016	0.617886	0.617886	0.609756	0.609756	0.609756	0.609756	0.601626	0.593496	0.585366	0.585366	0.577236	0.577236	0.577236	0.577236	0.577236	0.577236	0.577236	0.569106	0.569106	0.569106	0.569106	0.569106	0.569106	0.560976	0.560976	0.552846	0.544715	0.544715	0.544715	0.544715	0.544715	0.544715	0.536585	0.536585	0.536585	0.528455	0.528455	0.520325	0.520325	0.520325	0.520325	0.512195	0.512195	0.512195	0.504065	0.504065	0.495935	0.495935	0.495935	0.487805	0.487805	0.487805	0.479675	0.479675	0.479675	0.479675	0.479675	0.479675	0.479675	0.479675	0.479675	0.479675	0.479675	0.479675	0.471545	0.471545	0.471545	0.471545	0.471545	0.471545	0.471545	0.471545	0.463415	0.463415	0.463415	0.463415	0.463415	0.463415	0.463415	0.463415	0.463415	0.463415	0.463415	0.463415	0.463415	0.463415	0.463415	0.463415	0.455285	0.447154	0.447154	0.447154	0.447154	0.439024	0.439024	0.439024	0.439024	0.439024	0.439024	0.439024	0.439024	0.430894	0.430894	0.430894	0.430894	0.430894	0.430894	0.422764	0.414634	0.406504	0.406504	0.406504	0.406504	0.406504	0.406504	0.406504	0.406504	0.398374	0.390244	0.382114	0.373984	0.373984	0.373984	0.373984	0.373984	0.373984	0.373984	0.373984	0.373984	0.373984	0.373984	0.373984	0.373984	0.373984	0.373984	0.365854	0.357724	0.357724	0.349593	0.349593	0.341463	0.341463	0.341463	0.341463	0.341463	0.341463	0.341463	0.333333	0.333333	0.325203	0.325203	0.325203	0.325203	0.325203	0.325203	0.325203	0.325203	0.325203	0.325203	0.325203	0.325203	0.325203	0.325203	0.325203	0.317073	0.308943	0.308943	0.308943	0.308943	0.308943	0.300813	0.292683	0.284553	0.276423	0.276423	0.276423	0.276423	0.276423	0.276423	0.276423	0.276423	0.276423	0.276423	0.276423	0.276423	0.276423	0.276423	0.268293	0.268293	0.268293	0.268293	0.268293	0.260163	0.260163	0.260163	0.260163	0.260163	0.260163	0.260163	0.260163	0.260163	0.260163	0.260163	0.252033	0.252033	0.252033	0.252033	0.243902	0.243902	0.243902	0.243902	0.243902	0.235772	0.235772	0.235772	0.235772	0.235772	0.227642	0.227642	0.227642	0.227642	0.227642	0.227642	0.227642	0.227642	0.227642	0.227642	0.227642	0.227642	0.227642	0.227642	0.227642	0.227642	0.227642	0.227642	0.219512	0.219512	0.219512	0.219512	0.219512	0.219512	0.219512	0.211382	0.211382	0.211382	0.211382	0.211382	0.211382	0.211382	0.211382	0.211382	0.211382	0.211382	0.211382	0.211382	0.211382	0.211382	0.211382	0.211382	0.211382	0.211382	0.211382	0.211382	0.211382	0.211382	0.211382	0.211382	0.211382	0.211382	0.211382	0.211382	0.211382	0.211382	0.211382	0.211382	0.211382	0.211382	0.203252	0.203252	0.203252	0.203252	0.203252	0.203252	0.203252	0.203252	0.203252	0.203252	0.203252	0.203252	0.203252	0.203252	0.203252	0.195122	0.195122	0.195122	0.186992	0.186992	0.186992	0.186992	0.186992	0.186992	0.186992	0.186992	0.186992	0.186992	0.186992	0.186992	0.186992	0.186992	0.186992	0.186992	0.186992	0.186992	0.186992	0.186992	0.186992	0.186992	0.186992	0.186992	0.186992	0.186992	0.186992	0.178862	0.178862	0.178862	0.178862	0.178862	0.178862	0.178862	0.170732	0.170732	0.170732	0.170732	0.170732	0.170732	0.170732	0.170732	0.170732	0.170732	0.170732	0.170732	0.170732	0.170732	0.170732	0.170732	0.170732	0.170732	0.170732	0.170732	0.170732	0.170732	0.170732	0.170732	0.170732	0.170732	0.170732	0.170732	0.170732	0.162602	0.162602	0.162602	0.162602	0.162602	0.162602	0.162602	0.162602	0.162602	0.162602	0.162602	0.162602	0.154472	0.154472	0.146341	0.146341	0.146341	0.146341	0.146341	0.146341	0.138211	0.138211	0.138211	0.138211	0.138211	0.138211	0.138211	0.138211	0.138211	0.138211	0.138211	0.138211	0.138211	0.138211	0.138211	0.138211	0.138211	0.138211	0.138211	0.138211	0.138211	0.138211	0.138211	0.138211	0.138211	0.138211	0.138211	0.138211	0.138211	0.138211	0.138211	0.138211	0.138211	0.130081	0.130081	0.130081	0.130081	0.130081	0.130081	0.130081	0.130081	0.130081	0.130081	0.130081	0.130081	0.130081	0.130081	0.130081	0.130081	0.130081	0.130081	0.130081	0.130081	0.130081	0.130081	0.130081	0.130081	0.130081	0.130081	0.130081	0.130081	0.130081	0.130081	0.130081	0.130081	0.130081	0.130081	0.130081	0.130081	0.130081	0.130081	0.130081	0.130081	0.130081	0.130081	0.130081	0.121951	0.121951	0.121951	0.121951	0.121951	0.121951	0.121951	0.121951	0.121951	0.113821	0.113821	0.113821	0.113821	0.113821	0.113821	0.113821	0.113821	0.113821	0.105691	0.105691	0.097561	0.097561	0.097561	0.097561	0.089431	0.089431	0.089431	0.089431	0.089431	0.089431	0.089431	0.089431	0.089431	0.089431	0.089431	0.081301	0.081301	0.081301	0.081301	0.081301	0.081301	0.081301	0.081301	0.081301	0.081301	0.081301	0.081301	0.081301	0.081301	0.081301	0.081301	0.081301	0.081301	0.081301	0.073171	0.073171	0.073171	0.073171	0.073171	0.073171	0.073171	0.073171	0.073171	0.073171	0.073171	0.073171	0.073171	0.073171	0.073171	0.073171	0.073171	0.073171	0.073171	0.073171	0.073171	0.073171	0.073171	0.073171	0.073171	0.073171	0.073171	0.073171	0.073171	0.073171	0.073171	0.073171	0.073171	0.073171	0.073171	0.073171	0.073171	0.073171	0.073171	0.073171	0.073171	0.073171	0.073171	0.073171	0.073171	0.073171	0.073171	0.073171	0.073171	0.073171	0.073171	0.073171	0.073171	0.073171	0.073171	0.073171	0.073171	0.073171	0.073171	0.073171	0.073171	0.073171	0.073171	0.073171	0.073171	0.073171	0.073171	0.073171	0.073171	0.073171	0.065041	0.065041	0.065041	0.065041	0.065041	0.065041	0.065041	0.065041	0.065041	0.065041	0.065041	0.065041	0.065041	0.065041	0.065041	0.065041	0.065041	0.065041	0.065041	0.065041	0.065041	0.065041	0.065041	0.065041	0.065041	0.065041	0.065041	0.065041	0.065041	0.065041	0.065041	0.065041	0.065041	0.065041	0.065041	0.065041	0.065041	0.065041	0.065041	0.065041	0.065041	0.065041	0.065041	0.065041	0.065041	0.065041	0.065041	0.065041	0.065041	0.065041	0.065041	0.065041	0.065041	0.065041	0.065041	0.065041	0.065041	0.065041	0.065041	0.065041	0.065041	0.065041	0.065041	0.065041	0.065041	0.065041	0.065041	0.065041	0.065041	0.065041	0.065041	0.065041	0.065041	0.065041	0.065041	0.065041	0.065041	0.065041	0.065041	0.065041	0.065041	0.065041	0.065041	0.065041	0.065041	0.065041	0.065041	0.065041	0.065041	0.065041	0.065041	0.065041	0.065041	0.065041	0.065041	0.065041	0.065041	0.065041	0.065041	0.065041	0.065041	0.065041	0.065041	0.065041	0.065041	0.065041	0.065041	0.065041	0.056911	0.056911	0.056911	0.056911	0.04878	0.04065	0.04065	0.04065	0.04065	0.03252	0.03252	0.03252	0.03252	0.03252	0.03252	0.03252	0.03252	0.03252	0.03252	0.02439	0.02439	0.02439	0.02439	0.02439	0.02439	0.02439	0.02439	0.02439	0.02439	0.02439	0.02439	0.02439	0.02439	0.02439	0.02439	0.02439	0.02439	0.02439	0.02439	0.02439	0.02439	0.02439	0.02439	0.02439	0.02439	0.02439	0.02439	0.02439	0.02439	0.02439	0.02439	0.02439	0.02439	0.02439	0.02439	0.02439	0.02439	0.02439	0.02439	0.02439	0.02439	0.02439	0.01626	0.01626	0.01626	0.01626	0.01626	0.01626	0.01626	0.01626	0.01626	0.01626	0.01626	0.01626	0.01626	0.01626	0.01626	0.01626	0.01626	0.01626	0.01626	0.01626	0.01626	0.01626	0.01626	0.01626	0.01626	0.01626	0.01626	0.01626	0.01626	0.01626	0.01626	0.01626	0.01626	0.01626	0.01626	0.01626	0.01626	0.01626	0.01626	0.01626	0.01626	0.01626	0.00813	0.00813	0.00813	0.00813	0	0	0	0]
