%data_x = [1	1	0.916667	0.833333	0.666667	0.583333	0.5	0.416667	0.333333	0.333333	0.25	0.25	0.25	0.25	0.25	0.25	0.25	0.25	0.25	0.25	0.166667	0.166667	0]
%data_y = [1	0.991597	0.991597	0.915966	0.714286	0.621849	0.529412	0.445378	0.361345	0.268908	0.176471	0.084034	0.067227	0.058824	0.05042	0.042017	0.033613	0.02521	0.016807	0.008403	0.008403	0	0]

data_x1 = [1	0.981481	0.962963	0.962963	0.944444	0.925926	0.907407	0.888889	0.87037	0.851852	0.833333	0.814815	0.814815	0.796296	0.777778	0.759259	0.740741	0.740741	0.740741	0.740741	0.722222	0.703704	0.703704	0.685185	0.685185	0.666667	0.666667	0.666667	0.666667	0.666667	0.666667	0.648148	0.62963	0.62963	0.611111	0.611111	0.592593	0.592593	0.592593	0.574074	0.574074	0.574074	0.574074	0.574074	0.574074	0.555556	0.555556	0.537037	0.518519	0.518519	0.518519	0.518519	0.518519	0.518519	0.518519	0.518519	0.518519	0.518519	0.518519	0.518519	0.518519	0.518519	0.518519	0.518519	0.518519	0.5	0.5	0.5	0.481481	0.481481	0.481481	0.481481	0.481481	0.462963	0.462963	0.444444	0.444444	0.444444	0.444444	0.444444	0.444444	0.444444	0.444444	0.444444	0.444444	0.444444	0.444444	0.444444	0.444444	0.444444	0.444444	0.444444	0.444444	0.444444	0.425926	0.425926	0.425926	0.425926	0.425926	0.425926	0.425926	0.407407	0.407407	0.407407	0.407407	0.407407	0.407407	0.407407	0.407407	0.407407	0.407407	0.407407	0.407407	0.407407	0.407407	0.388889	0.37037	0.37037	0.37037	0.351852	0.351852	0.333333	0.333333	0.333333	0.333333	0.333333	0.333333	0.333333	0.333333	0.314815	0.314815	0.314815	0.314815	0.314815	0.314815	0.314815	0.296296	0.296296	0.296296	0.277778	0.277778	0.277778	0.277778	0.277778	0.277778	0.277778	0.277778	0.259259	0.240741	0.240741	0.240741	0.240741	0.240741	0.240741	0.240741	0.240741	0.240741	0.240741	0.240741	0.240741	0.240741	0.240741	0.240741	0.240741	0.240741	0.240741	0.240741	0.240741	0.240741	0.240741	0.240741	0.240741	0.240741	0.240741	0.240741	0.240741	0.240741	0.240741	0.240741	0.240741	0.240741	0.240741	0.240741	0.240741	0.240741	0.240741	0.240741	0.240741	0.240741	0.240741	0.240741	0.240741	0.240741	0.240741	0.240741	0.240741	0.240741	0.240741	0.222222	0.222222	0.222222	0.203704	0.203704	0.203704	0.203704	0.203704	0.203704	0.203704	0.185185	0.185185	0.185185	0.185185	0.185185	0.185185	0.185185	0.185185	0.166667	0.166667	0.166667	0.166667	0.166667	0.166667	0.166667	0.166667	0.166667	0.166667	0.166667	0.166667	0.166667	0.166667	0.166667	0.166667	0.166667	0.166667	0.166667	0.166667	0.148148	0.148148	0.148148	0.148148	0.12963	0.12963	0.12963	0.12963	0.12963	0.12963	0.12963	0.12963	0.12963	0.12963	0.12963	0.12963	0.12963	0.12963	0.12963	0.12963	0.12963	0.12963	0.12963	0.12963	0.12963	0.12963	0.12963	0.12963	0.12963	0.12963	0.12963	0.12963	0.12963	0.12963	0.12963	0.12963	0.12963	0.12963	0.12963	0.12963	0.12963	0.12963	0.12963	0.12963	0.12963	0.12963	0.12963	0.12963	0.12963	0.12963	0.12963	0.12963	0.12963	0.12963	0.12963	0.111111	0.111111	0.111111	0.111111	0.111111	0.111111	0.111111	0.111111	0.111111	0.111111	0.111111	0.111111	0.111111	0.111111	0.111111	0.111111	0.111111	0.111111	0.111111	0.111111	0.111111	0.111111	0.111111	0.111111	0.111111	0.111111	0.111111	0.111111	0.111111	0.111111	0.111111	0.111111	0.111111	0.111111	0.111111	0.111111	0.111111	0.111111	0.111111	0.111111	0.111111	0.111111	0.111111	0.092593	0.092593	0.092593	0.074074	0.055556	0.055556	0.055556	0.055556	0.055556	0.055556	0.055556	0.055556	0.055556	0.055556	0.055556	0.055556	0.055556	0.055556	0.055556	0.055556	0.055556	0.055556	0.055556	0.055556	0.055556	0.055556	0.055556	0.055556	0.055556	0.055556	0.055556	0.055556	0.055556	0.055556	0.055556	0.055556	0.055556	0.055556	0.055556	0.055556	0.055556	0.055556	0.055556	0.055556	0.055556	0.055556	0.055556	0.055556	0.055556	0.055556	0.055556	0.055556	0.055556	0.055556	0.055556	0.055556	0.055556	0.055556	0.055556	0.055556	0.055556	0.055556	0.055556	0.055556	0.055556	0.055556	0.055556	0.055556	0.055556	0.055556	0.055556	0.055556	0.055556	0.055556	0.055556	0.055556	0.055556	0.055556	0.055556	0.055556	0.055556	0.055556	0.055556	0.055556	0.055556	0.055556	0.055556	0.055556	0.055556	0.055556	0.055556	0.055556	0.055556	0.055556	0.055556	0.055556	0.055556	0.055556	0.055556	0.037037	0.037037	0.037037	0.037037	0.037037	0.037037	0.037037	0.037037	0.037037	0.037037	0.037037	0.037037	0.037037	0.037037	0.037037	0.037037	0.018519	0.018519	0.018519	0.018519	0.018519	0.018519	0.018519	0.018519	0.018519	0.018519	0.018519	0.018519	0.018519	0.018519	0.018519	0.018519	0.018519	0.018519	0.018519	0	0	0	0	0	0	0	0	0	0]
