data_x = [1	0.998804	0.997608	0.996411	0.995215	0.994019	0.992823	0.991627	0.990431	0.989234	0.988038	0.986842	0.985646	0.98445	0.98445	0.983254	0.982057	0.980861	0.979665	0.978469	0.977273	0.976077	0.97488	0.97488	0.97488	0.973684	0.972488	0.971292	0.970096	0.9689	0.967703	0.966507	0.965311	0.964115	0.962919	0.961722	0.961722	0.960526	0.95933	0.958134	0.956938	0.956938	0.955742	0.954545	0.953349	0.952153	0.950957	0.949761	0.948565	0.947368	0.947368	0.946172	0.944976	0.94378	0.942584	0.941388	0.941388	0.940191	0.938995	0.937799	0.937799	0.936603	0.935407	0.935407	0.934211	0.933014	0.931818	0.930622	0.929426	0.92823	0.92823	0.927033	0.925837	0.924641	0.924641	0.923445	0.922249	0.921053	0.919856	0.919856	0.91866	0.917464	0.916268	0.915072	0.915072	0.915072	0.913876	0.912679	0.911483	0.910287	0.909091	0.907895	0.907895	0.906699	0.905502	0.904306	0.904306	0.90311	0.901914	0.900718	0.900718	0.899522	0.899522	0.898325	0.897129	0.897129	0.895933	0.894737	0.893541	0.892344	0.891148	0.889952	0.888756	0.88756	0.886364	0.886364	0.885167	0.883971	0.882775	0.881579	0.880383	0.879187	0.87799	0.876794	0.875598	0.874402	0.873206	0.87201	0.870813	0.869617	0.868421	0.868421	0.867225	0.866029	0.864833	0.863636	0.86244	0.861244	0.861244	0.860048	0.860048	0.858852	0.857656	0.856459	0.855263	0.854067	0.852871	0.851675	0.850478	0.850478	0.850478	0.849282	0.849282	0.848086	0.84689	0.845694	0.845694	0.844498	0.843301	0.842105	0.840909	0.839713	0.838517	0.837321	0.836124	0.834928	0.833732	0.832536	0.83134	0.83134	0.830144	0.830144	0.828947	0.827751	0.826555	0.826555	0.826555	0.825359	0.824163	0.824163	0.822967	0.82177	0.820574	0.819378	0.818182	0.818182	0.816986	0.815789	0.814593	0.813397	0.812201	0.812201	0.812201	0.811005	0.811005	0.809809	0.809809	0.808612	0.807416	0.807416	0.807416	0.80622	0.80622	0.805024	0.803828	0.802632	0.801435	0.800239	0.799043	0.797847	0.797847	0.797847	0.796651	0.795455	0.795455	0.794258	0.793062	0.791866	0.791866	0.791866	0.79067	0.789474	0.788278	0.787081	0.787081	0.785885	0.785885	0.785885	0.785885	0.784689	0.784689	0.783493	0.782297	0.782297	0.7811	0.779904	0.778708	0.777512	0.777512	0.777512	0.776316	0.77512	0.773923	0.772727	0.771531	0.770335	0.770335	0.769139	0.767943	0.767943	0.766746	0.76555	0.76555	0.764354	0.764354	0.764354	0.763158	0.761962	0.760766	0.759569	0.758373	0.757177	0.755981	0.754785	0.754785	0.753589	0.752392	0.751196	0.75	0.748804	0.747608	0.747608	0.746411	0.745215	0.744019	0.742823	0.742823	0.742823	0.741627	0.741627	0.740431	0.740431	0.739234	0.739234	0.738038	0.738038	0.736842	0.735646	0.735646	0.73445	0.73445	0.733254	0.732057	0.730861	0.730861	0.729665	0.728469	0.727273	0.726077	0.72488	0.723684	0.722488	0.721292	0.720096	0.720096	0.7189	0.717703	0.717703	0.716507	0.715311	0.714115	0.712919	0.711722	0.710526	0.70933	0.70933	0.708134	0.706938	0.706938	0.705742	0.704545	0.704545	0.703349	0.703349	0.703349	0.702153	0.700957	0.699761	0.698565	0.698565	0.698565	0.697368	0.696172	0.694976	0.694976	0.69378	0.692584	0.692584	0.692584	0.691388	0.690191	0.688995	0.687799	0.686603	0.685407	0.685407	0.685407	0.684211	0.683014	0.683014	0.683014	0.681818	0.680622	0.680622	0.679426	0.67823	0.677033	0.675837	0.674641	0.674641	0.674641	0.674641	0.674641	0.673445	0.672249	0.672249	0.671053	0.671053	0.669856	0.66866	0.66866	0.667464	0.666268	0.665072	0.663876	0.662679	0.662679	0.661483	0.661483	0.660287	0.660287	0.660287	0.660287	0.659091	0.657895	0.656699	0.655502	0.654306	0.65311	0.65311	0.651914	0.650718	0.650718	0.650718	0.649522	0.648325	0.647129	0.647129	0.647129	0.645933	0.645933	0.645933	0.644737	0.643541	0.643541	0.642344	0.641148	0.641148	0.639952	0.638756	0.638756	0.63756	0.636364	0.635167	0.633971	0.632775	0.631579	0.630383	0.630383	0.629187	0.629187	0.629187	0.62799	0.626794	0.626794	0.625598	0.624402	0.624402	0.624402	0.623206	0.623206	0.62201	0.62201	0.62201	0.620813	0.620813	0.620813	0.620813	0.619617	0.618421	0.618421	0.617225	0.617225	0.616029	0.616029	0.614833	0.613636	0.61244	0.61244	0.611244	0.610048	0.608852	0.607656	0.606459	0.606459	0.605263	0.604067	0.602871	0.601675	0.601675	0.600478	0.599282	0.598086	0.598086	0.59689	0.595694	0.594498	0.593301	0.592105	0.592105	0.592105	0.590909	0.590909	0.589713	0.588517	0.587321	0.586124	0.584928	0.584928	0.584928	0.584928	0.583732	0.582536	0.58134	0.580144	0.580144	0.578947	0.578947	0.577751	0.577751	0.576555	0.575359	0.575359	0.574163	0.572967	0.57177	0.57177	0.570574	0.569378	0.569378	0.568182	0.566986	0.565789	0.564593	0.563397	0.563397	0.563397	0.562201	0.561005	0.559809	0.558612	0.557416	0.55622	0.555024	0.555024	0.553828	0.553828	0.552632	0.551435	0.550239	0.550239	0.549043	0.547847	0.547847	0.547847	0.546651	0.545455	0.544258	0.543062	0.543062	0.543062	0.543062	0.541866	0.541866	0.54067	0.539474	0.538278	0.537081	0.535885	0.535885	0.535885	0.534689	0.533493	0.532297	0.5311	0.529904	0.529904	0.528708	0.528708	0.527512	0.527512	0.526316	0.52512	0.523923	0.522727	0.522727	0.521531	0.521531	0.521531	0.521531	0.521531	0.520335	0.519139	0.517943	0.516746	0.51555	0.514354	0.513158	0.511962	0.511962	0.511962	0.510766	0.510766	0.510766	0.510766	0.509569	0.509569	0.508373	0.507177	0.505981	0.504785	0.504785	0.503589	0.502392	0.501196	0.501196	0.501196	0.501196	0.501196	0.5	0.498804	0.497608	0.497608	0.496411	0.495215	0.495215	0.494019	0.492823	0.492823	0.491627	0.491627	0.490431	0.490431	0.490431	0.489234	0.488038	0.486842	0.486842	0.486842	0.485646	0.48445	0.483254	0.482057	0.482057	0.480861	0.479665	0.478469	0.478469	0.478469	0.478469	0.477273	0.477273	0.476077	0.47488	0.473684	0.473684	0.473684	0.473684	0.472488	0.472488	0.472488	0.472488	0.472488	0.471292	0.471292	0.471292	0.470096	0.470096	0.470096	0.470096	0.4689	0.467703	0.466507	0.466507	0.466507	0.465311	0.464115	0.462919	0.461722	0.460526	0.460526	0.45933	0.45933	0.458134	0.456938	0.456938	0.455742	0.454545	0.453349	0.453349	0.453349	0.453349	0.453349	0.453349	0.453349	0.452153	0.450957	0.449761	0.448565	0.447368	0.446172	0.444976	0.44378	0.44378	0.442584	0.441388	0.440191	0.440191	0.438995	0.438995	0.437799	0.437799	0.436603	0.436603	0.436603	0.435407	0.435407	0.434211	0.433014	0.431818	0.430622	0.429426	0.429426	0.429426	0.429426	0.42823	0.42823	0.42823	0.427033	0.425837	0.425837	0.424641	0.424641	0.423445	0.422249	0.422249	0.422249	0.422249	0.421053	0.419856	0.41866	0.41866	0.417464	0.416268	0.415072	0.415072	0.413876	0.412679	0.412679	0.412679	0.412679	0.411483	0.410287	0.410287	0.409091	0.407895	0.407895	0.406699	0.406699	0.405502	0.405502	0.405502	0.405502	0.405502	0.405502	0.405502	0.404306	0.404306	0.404306	0.40311	0.401914	0.401914	0.400718	0.399522	0.399522	0.398325	0.397129	0.395933	0.395933	0.394737	0.393541	0.393541	0.392344	0.392344	0.391148	0.391148	0.391148	0.389952	0.389952	0.388756	0.38756	0.386364	0.385167	0.385167	0.383971	0.383971	0.383971	0.383971	0.383971	0.383971	0.382775	0.381579	0.381579	0.380383	0.380383	0.380383	0.380383	0.380383	0.380383	0.380383	0.380383	0.379187	0.379187	0.37799	0.376794	0.375598	0.374402	0.374402	0.373206	0.37201	0.370813	0.370813	0.369617	0.369617	0.369617	0.369617	0.369617	0.369617	0.368421	0.367225	0.366029	0.364833	0.364833	0.363636	0.363636	0.36244	0.361244	0.361244	0.361244	0.361244	0.361244	0.360048	0.358852	0.358852	0.357656	0.356459	0.356459	0.356459	0.356459	0.355263	0.355263	0.354067	0.352871	0.352871	0.351675	0.351675	0.350478	0.349282	0.349282	0.349282	0.349282	0.349282	0.348086	0.348086	0.34689	0.345694	0.344498	0.344498	0.344498	0.344498	0.344498	0.343301	0.342105	0.340909	0.340909	0.340909	0.339713	0.338517	0.337321	0.336124	0.334928	0.333732	0.333732	0.332536	0.332536	0.33134	0.33134	0.330144	0.328947	0.328947	0.327751	0.326555	0.325359	0.325359	0.324163	0.322967	0.322967	0.32177	0.320574	0.319378	0.319378	0.318182	0.316986	0.316986	0.316986	0.316986	0.316986	0.316986	0.315789	0.315789	0.314593	0.313397	0.313397	0.312201	0.312201	0.312201	0.312201	0.312201	0.311005	0.311005	0.309809	0.309809	0.309809	0.309809	0.309809	0.308612	0.308612	0.308612	