data_x = [1	0.99661	0.99322	0.989831	0.986441	0.983051	0.979661	0.976271	0.972881	0.969492	0.966102	0.962712	0.959322	0.959322	0.955932	0.952542	0.952542	0.952542	0.949153	0.949153	0.949153	0.949153	0.949153	0.949153	0.949153	0.949153	0.945763	0.942373	0.942373	0.938983	0.935593	0.932203	0.932203	0.928814	0.925424	0.925424	0.922034	0.918644	0.918644	0.918644	0.918644	0.918644	0.918644	0.915254	0.911864	0.908475	0.908475	0.908475	0.905085	0.901695	0.898305	0.898305	0.894915	0.891525	0.888136	0.888136	0.884746	0.881356	0.877966	0.877966	0.874576	0.874576	0.874576	0.874576	0.871186	0.867797	0.867797	0.864407	0.864407	0.861017	0.861017	0.861017	0.857627	0.857627	0.857627	0.854237	0.850847	0.850847	0.850847	0.847458	0.847458	0.847458	0.847458	0.847458	0.844068	0.844068	0.844068	0.844068	0.840678	0.840678	0.840678	0.837288	0.837288	0.837288	0.833898	0.833898	0.833898	0.830508	0.830508	0.827119	0.827119	0.823729	0.823729	0.820339	0.820339	0.820339	0.816949	0.813559	0.813559	0.810169	0.810169	0.80678	0.80678	0.80678	0.80339	0.80339	0.80339	0.80339	0.8	0.8	0.8	0.8	0.8	0.8	0.8	0.8	0.8	0.79661	0.79661	0.79661	0.79322	0.79322	0.79322	0.79322	0.789831	0.786441	0.783051	0.779661	0.779661	0.776271	0.772881	0.772881	0.769492	0.769492	0.769492	0.766102	0.762712	0.759322	0.755932	0.755932	0.755932	0.755932	0.752542	0.749153	0.749153	0.749153	0.745763	0.745763	0.742373	0.742373	0.742373	0.738983	0.738983	0.738983	0.738983	0.735593	0.735593	0.732203	0.728814	0.725424	0.722034	0.722034	0.718644	0.715254	0.715254	0.715254	0.715254	0.715254	0.711864	0.711864	0.711864	0.708475	0.708475	0.708475	0.705085	0.705085	0.701695	0.701695	0.701695	0.701695	0.698305	0.698305	0.694915	0.691525	0.691525	0.688136	0.688136	0.688136	0.688136	0.684746	0.681356	0.681356	0.677966	0.674576	0.674576	0.674576	0.671186	0.671186	0.671186	0.671186	0.667797	0.667797	0.664407	0.661017	0.661017	0.661017	0.657627	0.654237	0.654237	0.654237	0.654237	0.650847	0.647458	0.647458	0.644068	0.640678	0.637288	0.637288	0.633898	0.630508	0.627119	0.627119	0.627119	0.627119	0.627119	0.627119	0.627119	0.627119	0.627119	0.623729	0.623729	0.623729	0.623729	0.623729	0.620339	0.616949	0.613559	0.613559	0.613559	0.613559	0.610169	0.60678	0.60678	0.60678	0.60339	0.6	0.59661	0.59661	0.59661	0.59661	0.59661	0.59661	0.59661	0.59661	0.59661	0.59661	0.59661	0.59322	0.59322	0.59322	0.589831	0.589831	0.589831	0.586441	0.586441	0.583051	0.583051	0.583051	0.579661	0.579661	0.576271	0.576271	0.572881	0.569492	0.569492	0.566102	0.566102	0.566102	0.566102	0.566102	0.566102	0.566102	0.566102	0.566102	0.566102	0.566102	0.562712	0.562712	0.559322	0.559322	0.559322	0.559322	0.559322	0.559322	0.559322	0.559322	0.555932	0.555932	0.552542	0.552542	0.552542	0.552542	0.549153	0.549153	0.549153	0.545763	0.545763	0.542373	0.538983	0.538983	0.535593	0.535593	0.535593	0.532203	0.532203	0.528814	0.528814	0.528814	0.528814	0.525424	0.522034	0.522034	0.522034	0.522034	0.522034	0.518644	0.518644	0.515254	0.515254	0.511864	0.511864	0.508475	0.508475	0.508475	0.508475	0.508475	0.505085	0.501695	0.498305	0.498305	0.498305	0.498305	0.498305	0.498305	0.498305	0.494915	0.494915	0.494915	0.494915	0.494915	0.494915	0.494915	0.491525	0.491525	0.488136	0.484746	0.484746	0.484746	0.484746	0.484746	0.484746	0.481356	0.481356	0.481356	0.481356	0.481356	0.481356	0.481356	0.481356	0.481356	0.477966	0.477966	0.474576	0.471186	0.467797	0.467797	0.467797	0.467797	0.467797	0.464407	0.464407	0.461017	0.457627	0.457627	0.457627	0.457627	0.457627	0.457627	0.457627	0.457627	0.457627	0.457627	0.457627	0.457627	0.457627	0.457627	0.457627	0.457627	0.457627	0.457627	0.457627	0.454237	0.454237	0.454237	0.454237	0.454237	0.454237	0.454237	0.450847	0.447458	0.444068	0.444068	0.444068	0.444068	0.440678	0.440678	0.440678	0.440678	0.437288	0.437288	0.437288	0.437288	0.433898	0.433898	0.430508	0.430508	0.430508	0.430508	0.427119	0.427119	0.427119	0.427119	0.427119	0.427119	0.427119	0.427119	0.427119	0.427119	0.427119	0.423729	0.423729	0.423729	0.423729	0.423729	0.423729	0.423729	0.423729	0.420339	0.416949	0.416949	0.413559	0.413559	0.413559	0.413559	0.413559	0.413559	0.410169	0.410169	0.410169	0.410169	0.410169	0.40678	0.40678	0.40678	0.40678	0.40678	0.40678	0.40339	0.40339	0.40339	0.40339	0.40339	0.40339	0.40339	0.40339	0.40339	0.40339	0.4	0.4	0.4	0.4	0.4	0.4	0.4	0.4	0.4	0.4	0.4	0.4	0.4	0.39661	0.39661	0.39661	0.39661	0.39661	0.39322	0.39322	0.389831	0.389831	0.386441	0.386441	0.386441	0.386441	0.383051	0.379661	0.376271	0.376271	0.376271	0.376271	0.376271	0.376271	0.376271	0.376271	0.376271	0.376271	0.376271	0.376271	0.372881	0.372881	0.372881	0.372881	0.369492	0.369492	0.369492	0.369492	0.369492	0.369492	0.369492	0.369492	0.369492	0.369492	0.366102	0.366102	0.366102	0.366102	0.359322	0.359322	0.359322	0.359322	0.355932	0.355932	0.355932	0.355932	0.355932	0.355932	0.355932	0.355932	0.352542	0.352542	0.352542	0.352542	0.352542	0.352542	0.352542	0.352542	0.349153	0.349153	0.349153	0.345763	0.342373	0.342373	0.338983	0.338983	0.338983	0.338983	0.338983	0.338983	0.338983	0.338983	0.338983	0.338983	0.338983	0.338983	0.338983	0.335593	0.335593	0.335593	0.335593	0.335593	0.332203	0.332203	0.332203	0.332203	0.328814	0.328814	0.328814	0.328814	0.325424	0.322034	0.322034	0.322034	0.318644	0.318644	0.315254	0.315254	0.315254	0.315254	0.315254	0.315254	0.315254	0.315254	0.315254	0.315254	0.308475	0.308475	0.308475	0.308475	0.308475	0.308475	0.308475	0.305085	0.301695	0.301695	0.298305	0.298305	0.298305	0.298305	0.298305	0.298305	0.294915	0.294915	0.294915	0.294915	0.294915	0.294915	0.294915	0.294915	0.294915	0.294915	0.294915	0.294915	0.294915	0.294915	0.294915	0.294915	0.294915	0.291525	0.291525	0.288136	0.288136	0.288136	0.288136	0.288136	0.288136	0.288136	0.288136	0.288136	0.288136	0.288136	0.288136	0.288136	0.288136	0.288136	0.288136	0.288136	0.288136	0.288136	0.288136	0.284746	0.284746	0.281356	0.281356	0.281356	0.281356	0.281356	0.281356	0.277966	0.277966	0.274576	0.274576	0.274576	0.274576	0.274576	0.274576	0.274576	0.274576	0.274576	0.274576	0.274576	0.274576	0.274576	0.274576	0.271186	0.271186	0.271186	0.271186	0.271186	0.271186	0.271186	0.271186	0.271186	0.271186	0.271186	0.271186	0.271186	0.271186	0.271186	0.271186	0.271186	0.271186	0.271186	0.271186	0.271186	0.267797	0.267797	0.267797	0.267797	0.267797	0.267797	0.267797	0.267797	0.267797	0.267797	0.267797	0.264407	0.264407	0.264407	0.264407	0.261017	0.261017	0.261017	0.261017	0.261017	0.261017	0.257627	0.257627	0.257627	0.257627	0.257627	0.257627	0.257627	0.257627	0.257627	0.257627	0.257627	0.254237	0.254237	0.254237	0.254237	0.254237	0.254237	0.254237	0.254237	0.254237	0.250847	0.250847	0.250847	0.250847	0.250847	0.250847	0.250847	0.250847	0.250847	0.250847	0.250847	0.250847	0.250847	0.250847	0.250847	0.250847	0.250847	0.250847	0.250847	0.250847	0.250847	0.250847	0.250847	0.250847	0.250847	0.250847	0.250847	0.247458	0.247458	0.247458	0.247458	0.247458	0.247458	0.247458	0.247458	0.247458	0.247458	0.247458	0.247458	0.247458	0.247458	0.247458	0.247458	0.247458	0.247458	0.247458	0.247458	0.247458	0.244068	0.244068	0.244068	0.244068	0.244068	0.244068	0.244068	0.244068	0.244068	0.244068	0.244068	0.244068	0.244068	0.244068	0.244068	0.240678	0.240678	0.240678	0.240678	0.240678	0.240678	0.240678	0.237288	0.237288	0.237288	0.237288	0.237288	0.237288	0.237288	0.237288	0.237288	0.237288	0.237288	0.237288	0.237288	0.237288	0.237288	0.237288	0.237288	0.237288	0.237288	0.237288	0.237288	0.237288	0.237288	0.237288	0.237288	0.237288	0.237288	0.237288	0.237288	0.237288	0.237288	0.233898	0.233898	0.233898	0.230508	0.230508	0.230508	0.230508	0.227119	0.227119	0.227119	0.227119	0.227119	0.227119	0.223729	0.223729	0.223729	0.223729	0.223729	0.223729	0.223729	0.223729	0.223729	0.223729	0.223729	0.223729	0.223729	0.223729	0.223729	0.223729	0.223729	0.223729	0.223729	0.223729	0.220339	0.220339	0.220339	0.220339	0.220339	0.220339	0.220339	0.220339	0.220339	0.220339	0.220339	0.216949	0.216949	0.216949	0.216949	0.216949	0.216949	0.213559	0.213559	