data_x = [1	0.998808	0.997616	0.996424	0.995232	0.994041	0.992849	0.991657	0.990465	0.990465	0.989273	0.988081	0.986889	0.985697	0.984505	0.983313	0.982122	0.98093	0.979738	0.978546	0.977354	0.976162	0.976162	0.97497	0.97497	0.973778	0.972586	0.971395	0.971395	0.970203	0.969011	0.967819	0.967819	0.966627	0.965435	0.964243	0.964243	0.963051	0.961859	0.960667	0.959476	0.958284	0.958284	0.957092	0.9559	0.954708	0.953516	0.952324	0.951132	0.94994	0.948749	0.947557	0.946365	0.945173	0.943981	0.942789	0.941597	0.940405	0.939213	0.938021	0.93683	0.935638	0.934446	0.933254	0.933254	0.932062	0.93087	0.929678	0.928486	0.927294	0.926103	0.924911	0.923719	0.922527	0.922527	0.921335	0.920143	0.918951	0.917759	0.917759	0.917759	0.917759	0.916567	0.915375	0.914184	0.912992	0.912992	0.9118	0.910608	0.910608	0.909416	0.908224	0.907032	0.90584	0.904648	0.903456	0.902265	0.901073	0.899881	0.899881	0.898689	0.897497	0.897497	0.896305	0.895113	0.893921	0.893921	0.893921	0.892729	0.891538	0.890346	0.889154	0.889154	0.889154	0.889154	0.887962	0.887962	0.88677	0.885578	0.884386	0.883194	0.882002	0.88081	0.879619	0.879619	0.878427	0.878427	0.877235	0.876043	0.874851	0.874851	0.873659	0.872467	0.872467	0.871275	0.870083	0.868892	0.8677	0.866508	0.865316	0.865316	0.864124	0.862932	0.862932	0.862932	0.862932	0.86174	0.860548	0.859356	0.858164	0.858164	0.856973	0.855781	0.854589	0.853397	0.853397	0.852205	0.851013	0.849821	0.848629	0.847437	0.846246	0.846246	0.846246	0.845054	0.843862	0.84267	0.841478	0.840286	0.840286	0.840286	0.839094	0.839094	0.839094	0.837902	0.83671	0.835518	0.834327	0.833135	0.833135	0.831943	0.830751	0.829559	0.828367	0.827175	0.825983	0.824791	0.8236	0.8236	0.822408	0.821216	0.820024	0.820024	0.818832	0.81764	0.81764	0.81764	0.816448	0.815256	0.815256	0.814064	0.814064	0.812872	0.811681	0.810489	0.809297	0.808105	0.808105	0.808105	0.806913	0.805721	0.804529	0.803337	0.803337	0.802145	0.800954	0.800954	0.800954	0.799762	0.799762	0.79857	0.797378	0.796186	0.796186	0.796186	0.796186	0.794994	0.793802	0.79261	0.791418	0.791418	0.790226	0.790226	0.789035	0.787843	0.786651	0.786651	0.785459	0.784267	0.783075	0.781883	0.780691	0.780691	0.779499	0.778308	0.778308	0.777116	0.775924	0.774732	0.774732	0.77354	0.77354	0.772348	0.771156	0.769964	0.769964	0.768772	0.76758	0.766389	0.766389	0.765197	0.764005	0.762813	0.762813	0.761621	0.760429	0.759237	0.759237	0.758045	0.756853	0.756853	0.755662	0.75447	0.753278	0.752086	0.750894	0.750894	0.749702	0.74851	0.747318	0.746126	0.746126	0.744934	0.743743	0.743743	0.742551	0.741359	0.740167	0.738975	0.737783	0.736591	0.735399	0.734207	0.734207	0.733015	0.731824	0.730632	0.72944	0.728248	0.727056	0.727056	0.725864	0.724672	0.72348	0.72348	0.722288	0.721097	0.721097	0.721097	0.719905	0.719905	0.718713	0.717521	0.717521	0.717521	0.717521	0.717521	0.717521	0.717521	0.717521	0.717521	0.716329	0.716329	0.716329	0.716329	0.715137	0.713945	0.713945	0.712753	0.711561	0.711561	0.710369	0.709178	0.707986	0.706794	0.705602	0.705602	0.705602	0.705602	0.70441	0.703218	0.703218	0.703218	0.702026	0.700834	0.699642	0.698451	0.697259	0.696067	0.694875	0.693683	0.693683	0.692491	0.691299	0.690107	0.688915	0.688915	0.687723	0.686532	0.68534	0.684148	0.684148	0.682956	0.681764	0.681764	0.680572	0.67938	0.678188	0.676996	0.676996	0.676996	0.675805	0.675805	0.674613	0.673421	0.672229	0.671037	0.669845	0.668653	0.668653	0.668653	0.667461	0.667461	0.666269	0.666269	0.665077	0.663886	0.662694	0.661502	0.661502	0.66031	0.66031	0.659118	0.657926	0.657926	0.657926	0.656734	0.655542	0.655542	0.65435	0.653159	0.653159	0.651967	0.651967	0.650775	0.649583	0.648391	0.647199	0.647199	0.647199	0.646007	0.644815	0.644815	0.644815	0.643623	0.642431	0.642431	0.64124	0.640048	0.638856	0.638856	0.637664	0.636472	0.63528	0.634088	0.634088	0.634088	0.632896	0.632896	0.632896	0.631704	0.631704	0.630513	0.629321	0.628129	0.626937	0.625745	0.624553	0.623361	0.622169	0.620977	0.620977	0.619785	0.618594	0.617402	0.61621	0.615018	0.615018	0.613826	0.612634	0.612634	0.612634	0.611442	0.61025	0.609058	0.607867	0.607867	0.606675	0.606675	0.605483	0.604291	0.603099	0.603099	0.603099	0.601907	0.600715	0.600715	0.599523	0.598331	0.598331	0.597139	0.597139	0.595948	0.595948	0.594756	0.593564	0.592372	0.59118	0.59118	0.59118	0.59118	0.589988	0.588796	0.587604	0.586412	0.586412	0.585221	0.584029	0.582837	0.581645	0.581645	0.581645	0.580453	0.580453	0.579261	0.578069	0.578069	0.578069	0.576877	0.575685	0.575685	0.574493	0.573302	0.573302	0.57211	0.570918	0.569726	0.568534	0.567342	0.56615	0.56615	0.56615	0.564958	0.564958	0.563766	0.562574	0.562574	0.561383	0.560191	0.558999	0.557807	0.556615	0.555423	0.555423	0.555423	0.555423	0.555423	0.554231	0.554231	0.553039	0.553039	0.551847	0.550656	0.550656	0.549464	0.548272	0.54708	0.545888	0.545888	0.545888	0.545888	0.544696	0.544696	0.544696	0.543504	0.542312	0.54112	0.54112	0.54112	0.539928	0.538737	0.537545	0.536353	0.536353	0.536353	0.535161	0.533969	0.533969	0.532777	0.531585	0.531585	0.530393	0.529201	0.52801	0.526818	0.525626	0.525626	0.524434	0.523242	0.52205	0.52205	0.52205	0.52205	0.520858	0.519666	0.518474	0.517282	0.516091	0.514899	0.513707	0.513707	0.513707	0.513707	0.512515	0.512515	0.512515	0.511323	0.511323	0.510131	0.508939	0.507747	0.506555	0.506555	0.505364	0.505364	0.505364	0.505364	0.505364	0.504172	0.504172	0.504172	0.504172	0.50298	0.501788	0.500596	0.499404	0.499404	0.499404	0.499404	0.499404	0.499404	0.498212	0.49702	0.49702	0.49702	0.495828	0.495828	0.495828	0.495828	0.494636	0.494636	0.493445	0.492253	0.492253	0.491061	0.489869	0.488677	0.487485	0.487485	0.487485	0.486293	0.485101	0.485101	0.483909	0.482718	0.481526	0.480334	0.480334	0.479142	0.47795	0.476758	0.475566	0.475566	0.474374	0.474374	0.473182	0.473182	0.473182	0.47199	0.47199	0.47199	0.47199	0.470799	0.469607	0.468415	0.468415	0.467223	0.466031	0.464839	0.464839	0.464839	0.463647	0.462455	0.462455	0.461263	0.460072	0.45888	0.457688	0.456496	0.455304	0.455304	0.454112	0.454112	0.45292	0.45292	0.45292	0.451728	0.451728	0.450536	0.450536	0.450536	0.450536	0.449344	0.448153	0.448153	0.446961	0.446961	0.445769	0.444577	0.444577	0.443385	0.442193	0.442193	0.441001	0.441001	0.441001	0.439809	0.438617	0.438617	0.438617	0.438617	0.438617	0.438617	0.437426	0.437426	0.436234	0.435042	0.435042	0.435042	0.43385	0.432658	0.431466	0.430274	0.430274	0.429082	0.429082	0.429082	0.42789	0.426698	0.426698	0.425507	0.424315	0.424315	0.423123	0.423123	0.423123	0.421931	0.420739	0.419547	0.419547	0.418355	0.417163	0.417163	0.415971	0.415971	0.414779	0.414779	0.414779	0.413588	0.413588	0.413588	0.412396	0.411204	0.411204	0.410012	0.40882	0.40882	0.407628	0.406436	0.405244	0.404052	0.404052	0.402861	0.401669	0.401669	0.400477	0.400477	0.400477	0.399285	0.399285	0.399285	0.398093	0.396901	0.395709	0.394517	0.394517	0.393325	0.393325	0.392133	0.392133	0.390942	0.390942	0.390942	0.38975	0.38975	0.38975	0.388558	0.387366	0.387366	0.387366	0.386174	0.386174	0.384982	0.384982	0.384982	0.384982	0.38379	0.382598	0.382598	0.381406	0.381406	0.380215	0.380215	0.380215	0.379023	0.377831	0.377831	0.376639	0.376639	0.376639	0.375447	0.374255	0.374255	0.374255	0.374255	0.373063	0.373063	0.373063	0.373063	0.373063	0.373063	0.371871	0.371871	0.371871	0.371871	0.370679	0.370679	0.369487	0.368296	0.368296	0.368296	0.367104	0.367104	0.367104	0.367104	0.367104	0.365912	0.36472	0.36472	0.36472	0.36472	0.363528	0.362336	0.362336	0.361144	0.359952	0.359952	0.359952	0.359952	0.35876	0.35876	0.35876	0.357569	0.357569	0.356377	0.356377	0.356377	0.356377	0.356377	0.356377	0.355185	0.353993	0.353993	0.353993	0.352801	0.352801	0.352801	0.351609	0.350417	0.349225	0.348033	0.348033	0.346841	0.34565	0.344458	0.344458	0.344458	0.343266	0.343266	0.342074	0.342074	0.342074	0.342074	0.342074	0.342074	0.340882	0.33969	0.33969	0.33969	0.338498	0.337306	0.336114	0.334923	0.334923	0.334923	0.334923	0.333731	0.332539	0.332539	0.331347	0.330155	0.328963	0.328963	0.328963	0.327771	0.326579	0.325387	0.325387	0.324195	